

 Таблица на 1 итерации
Коэфициенты ццелевой функции: [0, 0, 0, 0, 0, 0, 0, 0, 0, 0, 1.0, 0, 0, 0, 0, 0, 0, -10000, -10000, -10000]
+-----+----------+----------+----------+----------+----------+----------+----------+----------+----------+---------+---------+---------+---------+-----+-----+-----+-----+-----+-----+
| 0.0 |   3.0    |    0     |    0     |   5.0    |    0     |    0     |   4.0    |    0     |    0     |   -1.0  |   -1.0  |    0    |    0    |  0  |  0  |  0  |  0  |  0  | 1.0 |
| 0.0 |    0     |   1.0    |    0     |    0     |   6.0    |    0     |    0     |   3.0    |    0     |   -1.0  |    0    |   -1.0  |    0    |  0  |  0  |  0  |  0  | 1.0 |  0  |
| 0.0 |    0     |    0     |   4.0    |    0     |    0     |   2.0    |    0     |    0     |   5.0    |   -1.0  |    0    |    0    |   -1.0  |  0  |  0  |  0  | 1.0 |  0  |  0  |
| 1.0 |   1.0    |   1.0    |   1.0    |    0     |    0     |    0     |    0     |    0     |    0     |    0    |    0    |    0    |    0    | 1.0 |  0  |  0  |  0  |  0  |  0  |
| 1.0 |    0     |    0     |    0     |   1.0    |   1.0    |   1.0    |    0     |    0     |    0     |    0    |    0    |    0    |    0    |  0  | 1.0 |  0  |  0  |  0  |  0  |
| 1.0 |    0     |    0     |    0     |    0     |    0     |    0     |   1.0    |   1.0    |   1.0    |    0    |    0    |    0    |    0    |  0  |  0  | 1.0 |  0  |  0  |  0  |
| 0.0 | -30000.0 | -10000.0 | -40000.0 | -50000.0 | -60000.0 | -20000.0 | -40000.0 | -30000.0 | -50000.0 | 29999.0 | 10000.0 | 10000.0 | 10000.0 | 0.0 | 0.0 | 0.0 | 0.0 | 0.0 | 0.0 |
+-----+----------+----------+----------+----------+----------+----------+----------+----------+----------+---------+---------+---------+---------+-----+-----+-----+-----+-----+-----+
Базисные переменные:
[19, 18, 17, 14, 15, 16]

 Таблица на 2 итерации
Коэфициенты ццелевой функции: [0, 0, 0, 0, 0, 0, 0, 0, 0, 0, 1.0, 0, 0, 0, 0, 0, 0, -10000, -10000, -10000]
+-----+----------+----------------------+----------+----------+-----+----------+----------+------+----------+----------------------+---------+----------------------+---------+-----+-----+-----+-----+----------------------+-----+
| 0.0 |   3.0    |         0.0          |   0.0    |   5.0    | 0.0 |   0.0    |   4.0    | 0.0  |   0.0    |         -1.0         |   -1.0  |         0.0          |   0.0   | 0.0 | 0.0 | 0.0 | 0.0 |         0.0          | 1.0 |
| 0.0 |   0.0    | 0.16666666666666666  |   0.0    |   0.0    | 1.0 |   0.0    |   0.0    | 0.5  |   0.0    | -0.16666666666666666 |   0.0   | -0.16666666666666666 |   0.0   | 0.0 | 0.0 | 0.0 | 0.0 | 0.16666666666666666  | 0.0 |
| 0.0 |   0.0    |         0.0          |   4.0    |   0.0    | 0.0 |   2.0    |   0.0    | 0.0  |   5.0    |         -1.0         |   0.0   |         0.0          |   -1.0  | 0.0 | 0.0 | 0.0 | 1.0 |         0.0          | 0.0 |
| 1.0 |   1.0    |         1.0          |   1.0    |   0.0    | 0.0 |   0.0    |   0.0    | 0.0  |   0.0    |         0.0          |   0.0   |         0.0          |   0.0   | 1.0 | 0.0 | 0.0 | 0.0 |         0.0          | 0.0 |
| 1.0 |   0.0    | -0.16666666666666666 |   0.0    |   1.0    | 0.0 |   1.0    |   0.0    | -0.5 |   0.0    | 0.16666666666666666  |   0.0   | 0.16666666666666666  |   0.0   | 0.0 | 1.0 | 0.0 | 0.0 | -0.16666666666666666 | 0.0 |
| 1.0 |   0.0    |         0.0          |   0.0    |   0.0    | 0.0 |   0.0    |   1.0    | 1.0  |   1.0    |         0.0          |   0.0   |         0.0          |   0.0   | 0.0 | 0.0 | 1.0 | 0.0 |         0.0          | 0.0 |
| 0.0 | -30000.0 |         0.0          | -40000.0 | -50000.0 | 0.0 | -20000.0 | -40000.0 | 0.0  | -50000.0 |       19999.0        | 10000.0 |         0.0          | 10000.0 | 0.0 | 0.0 | 0.0 | 0.0 |       10000.0        | 0.0 |
+-----+----------+----------------------+----------+----------+-----+----------+----------+------+----------+----------------------+---------+----------------------+---------+-----+-----+-----+-----+----------------------+-----+
Базисные переменные:
[19, 5, 17, 14, 15, 16]

 Таблица на 3 итерации
Коэфициенты ццелевой функции: [0, 0, 0, 0, 0, 0, 0, 0, 0, 0, 1.0, 0, 0, 0, 0, 0, 0, -10000, -10000, -10000]
+-----+------+----------------------+----------+-----+-----+----------+------+------+----------+----------------------+------+----------------------+---------+-----+-----+-----+-----+----------------------+---------+
| 0.0 | 0.6  |         0.0          |   0.0    | 1.0 | 0.0 |   0.0    | 0.8  | 0.0  |   0.0    |         -0.2         | -0.2 |         0.0          |   0.0   | 0.0 | 0.0 | 0.0 | 0.0 |         0.0          |   0.2   |
| 0.0 | 0.0  | 0.16666666666666666  |   0.0    | 0.0 | 1.0 |   0.0    | 0.0  | 0.5  |   0.0    | -0.16666666666666666 | 0.0  | -0.16666666666666666 |   0.0   | 0.0 | 0.0 | 0.0 | 0.0 | 0.16666666666666666  |   0.0   |
| 0.0 | 0.0  |         0.0          |   4.0    | 0.0 | 0.0 |   2.0    | 0.0  | 0.0  |   5.0    |         -1.0         | 0.0  |         0.0          |   -1.0  | 0.0 | 0.0 | 0.0 | 1.0 |         0.0          |   0.0   |
| 1.0 | 1.0  |         1.0          |   1.0    | 0.0 | 0.0 |   0.0    | 0.0  | 0.0  |   0.0    |         0.0          | 0.0  |         0.0          |   0.0   | 1.0 | 0.0 | 0.0 | 0.0 |         0.0          |   0.0   |
| 1.0 | -0.6 | -0.16666666666666666 |   0.0    | 0.0 | 0.0 |   1.0    | -0.8 | -0.5 |   0.0    |  0.3666666666666667  | 0.2  | 0.16666666666666666  |   0.0   | 0.0 | 1.0 | 0.0 | 0.0 | -0.16666666666666666 |   -0.2  |
| 1.0 | 0.0  |         0.0          |   0.0    | 0.0 | 0.0 |   0.0    | 1.0  | 1.0  |   1.0    |         0.0          | 0.0  |         0.0          |   0.0   | 0.0 | 0.0 | 1.0 | 0.0 |         0.0          |   0.0   |
| 0.0 | 0.0  |         0.0          | -40000.0 | 0.0 | 0.0 | -20000.0 | 0.0  | 0.0  | -50000.0 |        9999.0        | 0.0  |         0.0          | 10000.0 | 0.0 | 0.0 | 0.0 | 0.0 |       10000.0        | 10000.0 |
+-----+------+----------------------+----------+-----+-----+----------+------+------+----------+----------------------+------+----------------------+---------+-----+-----+-----+-----+----------------------+---------+
Базисные переменные:
[4, 5, 17, 14, 15, 16]

 Таблица на 4 итерации
Коэфициенты ццелевой функции: [0, 0, 0, 0, 0, 0, 0, 0, 0, 0, 1.0, 0, 0, 0, 0, 0, 0, -10000, -10000, -10000]
+-----+------+----------------------+------+-----+-----+------+------+------+-----+----------------------+------+----------------------+------+-----+-----+-----+---------+----------------------+---------+
| 0.0 | 0.6  |         0.0          | 0.0  | 1.0 | 0.0 | 0.0  | 0.8  | 0.0  | 0.0 |         -0.2         | -0.2 |         0.0          | 0.0  | 0.0 | 0.0 | 0.0 |   0.0   |         0.0          |   0.2   |
| 0.0 | 0.0  | 0.16666666666666666  | 0.0  | 0.0 | 1.0 | 0.0  | 0.0  | 0.5  | 0.0 | -0.16666666666666666 | 0.0  | -0.16666666666666666 | 0.0  | 0.0 | 0.0 | 0.0 |   0.0   | 0.16666666666666666  |   0.0   |
| 0.0 | 0.0  |         0.0          | 0.8  | 0.0 | 0.0 | 0.4  | 0.0  | 0.0  | 1.0 |         -0.2         | 0.0  |         0.0          | -0.2 | 0.0 | 0.0 | 0.0 |   0.2   |         0.0          |   0.0   |
| 1.0 | 1.0  |         1.0          | 1.0  | 0.0 | 0.0 | 0.0  | 0.0  | 0.0  | 0.0 |         0.0          | 0.0  |         0.0          | 0.0  | 1.0 | 0.0 | 0.0 |   0.0   |         0.0          |   0.0   |
| 1.0 | -0.6 | -0.16666666666666666 | 0.0  | 0.0 | 0.0 | 1.0  | -0.8 | -0.5 | 0.0 |  0.3666666666666667  | 0.2  | 0.16666666666666666  | 0.0  | 0.0 | 1.0 | 0.0 |   0.0   | -0.16666666666666666 |   -0.2  |
| 1.0 | 0.0  |         0.0          | -0.8 | 0.0 | 0.0 | -0.4 | 1.0  | 1.0  | 0.0 |         0.2          | 0.0  |         0.0          | 0.2  | 0.0 | 0.0 | 1.0 |   -0.2  |         0.0          |   0.0   |
| 0.0 | 0.0  |         0.0          | 0.0  | 0.0 | 0.0 | 0.0  | 0.0  | 0.0  | 0.0 |         -1.0         | 0.0  |         0.0          | 0.0  | 0.0 | 0.0 | 0.0 | 10000.0 |       10000.0        | 10000.0 |
+-----+------+----------------------+------+-----+-----+------+------+------+-----+----------------------+------+----------------------+------+-----+-----+-----+---------+----------------------+---------+
Базисные переменные:
[4, 5, 9, 14, 15, 16]

 Таблица на 5 итерации
Коэфициенты ццелевой функции: [0, 0, 0, 0, 0, 0, 0, 0, 0, 0, 1.0, 0, 0, 0, 0, 0, 0, -10000, -10000, -10000]
+--------------------+----------------------+---------------------+------+-----+-----+---------------------+----------------------+---------------------+-----+-----+----------------------+----------------------+------+-----+---------------------+-----+---------+---------------------+----------------------+
| 0.5454545454545454 |  0.2727272727272727  | -0.0909090909090909 | 0.0  | 1.0 | 0.0 |  0.5454545454545454 |  0.3636363636363637  | -0.2727272727272727 | 0.0 | 0.0 | -0.09090909090909093 |  0.0909090909090909  | 0.0  | 0.0 |  0.5454545454545454 | 0.0 |   0.0   | -0.0909090909090909 | 0.09090909090909093  |
| 0.4545454545454545 | -0.2727272727272727  | 0.09090909090909091 | 0.0  | 0.0 | 1.0 |  0.4545454545454545 | -0.3636363636363636  | 0.27272727272727276 | 0.0 | 0.0 |  0.0909090909090909  | -0.09090909090909091 | 0.0  | 0.0 |  0.4545454545454545 | 0.0 |   0.0   | 0.09090909090909091 | -0.0909090909090909  |
| 0.5454545454545454 | -0.32727272727272727 | -0.0909090909090909 | 0.8  | 0.0 | 0.0 |  0.9454545454545454 | -0.43636363636363634 | -0.2727272727272727 | 1.0 | 0.0 | 0.10909090909090909  |  0.0909090909090909  | -0.2 | 0.0 |  0.5454545454545454 | 0.0 |   0.2   | -0.0909090909090909 | -0.10909090909090909 |
|        1.0         |         1.0          |         1.0         | 1.0  | 0.0 | 0.0 |         0.0         |         0.0          |         0.0         | 0.0 | 0.0 |         0.0          |         0.0          | 0.0  | 1.0 |         0.0         | 0.0 |   0.0   |         0.0         |         0.0          |
| 2.727272727272727  | -1.6363636363636362  | -0.4545454545454545 | 0.0  | 0.0 | 0.0 |  2.727272727272727  | -2.1818181818181817  | -1.3636363636363635 | 0.0 | 1.0 |  0.5454545454545454  |  0.4545454545454545  | 0.0  | 0.0 |  2.727272727272727  | 0.0 |   0.0   | -0.4545454545454545 | -0.5454545454545454  |
| 0.4545454545454546 | 0.32727272727272727  |  0.0909090909090909 | -0.8 | 0.0 | 0.0 | -0.9454545454545454 |  1.4363636363636363  |  1.2727272727272727 | 0.0 | 0.0 | -0.10909090909090909 | -0.0909090909090909  | 0.2  | 0.0 | -0.5454545454545454 | 1.0 |   -0.2  |  0.0909090909090909 | 0.10909090909090909  |
| 2.727272727272727  | -1.6363636363636362  | -0.4545454545454545 | 0.0  | 0.0 | 0.0 |  2.727272727272727  | -2.1818181818181817  | -1.3636363636363635 | 0.0 | 0.0 |  0.5454545454545454  |  0.4545454545454545  | 0.0  | 0.0 |  2.727272727272727  | 0.0 | 10000.0 |  9999.545454545454  |  9999.454545454546   |
+--------------------+----------------------+---------------------+------+-----+-----+---------------------+----------------------+---------------------+-----+-----+----------------------+----------------------+------+-----+---------------------+-----+---------+---------------------+----------------------+
Базисные переменные:
[4, 5, 9, 14, 10, 16]

 Таблица на 6 итерации
Коэфициенты ццелевой функции: [0, 0, 0, 0, 0, 0, 0, 0, 0, 0, 1.0, 0, 0, 0, 0, 0, 0, -10000, -10000, -10000]
+---------------------+----------------------+----------------------+----------------------+-----+-----+---------------------+-----+---------------------+-----+-----+----------------------+----------------------+-----------------------+-----+----------------------+---------------------+----------------------+----------------------+----------------------+
|  0.430379746835443  | 0.18987341772151894  | -0.11392405063291139 |  0.2025316455696203  | 1.0 | 0.0 |  0.7848101265822784 | 0.0 | -0.5949367088607596 | 0.0 | 0.0 | -0.06329113924050633 | 0.11392405063291139  | -0.050632911392405076 | 0.0 |  0.6835443037974683  | -0.2531645569620254 | 0.050632911392405076 | -0.11392405063291139 | 0.06329113924050633  |
|  0.5696202531645569 | -0.18987341772151897 | 0.11392405063291139  | -0.20253164556962025 | 0.0 | 1.0 | 0.21518987341772144 | 0.0 |  0.5949367088607596 | 0.0 | 0.0 | 0.06329113924050632  | -0.11392405063291139 |  0.05063291139240506  | 0.0 |  0.3164556962025316  |  0.2531645569620253 | -0.05063291139240506 | 0.11392405063291139  | -0.06329113924050632 |
|  0.6835443037974683 | -0.22784810126582278 | -0.06329113924050632 |  0.5569620253164558  | 0.0 | 0.0 |  0.6582278481012658 | 0.0 | 0.11392405063291144 | 1.0 | 0.0 | 0.07594936708860758  | 0.06329113924050632  |  -0.13924050632911394 | 0.0 | 0.37974683544303794  |  0.3037974683544304 | 0.13924050632911394  | -0.06329113924050632 | -0.07594936708860758 |
|         1.0         |         1.0          |         1.0          |         1.0          | 0.0 | 0.0 |         0.0         | 0.0 |         0.0         | 0.0 | 0.0 |         0.0          |         0.0          |          0.0          | 1.0 |         0.0          |         0.0         |         0.0          |         0.0          |         0.0          |
|  3.4177215189873413 | -1.1392405063291138  | -0.3164556962025316  | -1.2151898734177216  | 0.0 | 0.0 |  1.291139240506329  | 0.0 |  0.5696202531645571 | 0.0 | 1.0 | 0.37974683544303794  |  0.3164556962025316  |   0.3037974683544304  | 0.0 |  1.8987341772151898  |  1.5189873417721518 | -0.3037974683544304  | -0.3164556962025316  | -0.37974683544303794 |
| 0.31645569620253167 |  0.2278481012658228  | 0.06329113924050632  | -0.5569620253164558  | 0.0 | 0.0 | -0.6582278481012659 | 1.0 |  0.8860759493670887 | 0.0 | 0.0 | -0.0759493670886076  | -0.06329113924050632 |  0.13924050632911394  | 0.0 | -0.37974683544303794 |  0.6962025316455697 | -0.13924050632911394 | 0.06329113924050632  |  0.0759493670886076  |
|  3.4177215189873413 | -1.1392405063291138  | -0.3164556962025316  | -1.2151898734177216  | 0.0 | 0.0 |  1.291139240506329  | 0.0 |  0.5696202531645571 | 0.0 | 0.0 | 0.37974683544303794  |  0.3164556962025316  |   0.3037974683544304  | 0.0 |  1.8987341772151898  |  1.5189873417721518 |  9999.696202531646   |  9999.683544303798   |  9999.620253164558   |
+---------------------+----------------------+----------------------+----------------------+-----+-----+---------------------+-----+---------------------+-----+-----+----------------------+----------------------+-----------------------+-----+----------------------+---------------------+----------------------+----------------------+----------------------+
Базисные переменные:
[4, 5, 9, 14, 10, 7]
Ответ: F = 4.632911392405063